m2
0.965926	0.258819	0.000000
-0.258819	0.965926	0.000000
0.000000	0.000000	1.000000
m3
0.736789	0.549470	0.393986	0.000000
0.292473	0.266360	-0.918429	0.000000
-0.609591	0.791917	0.035547	0.000000
0.000000	-0.000000	0.000000	1.000000
