1	// flg_usecp
20	0	40	7	//fidx_org, fidx_min, fidx_max, Pcnt
1	1	1	//flg_Pt, flg_Pa, flg_m3
Pt	0.000000	0.000000	0.000000	0.000000	0.000000	0.000000	0.000000	
Pa	0.000000	0.000000	0.000000	0.000000	0.000000	0.000000	0.000000	
m3	1.000000	0.000000	0.000000	0.000000
	0.000000	1.000000	0.000000	0.000000
	0.000000	0.000000	1.000000	0.000000
	0.000000	0.000000	0.000000	1.000000
0	0	0	//flg_Pt, flg_Pa, flg_m3
Pt	-
Pa	-
m3	-
0	0	0	//flg_Pt, flg_Pa, flg_m3
Pt	-
Pa	-
m3	-
0	0	0	//flg_Pt, flg_Pa, flg_m3
Pt	-
Pa	-
m3	-
0	0	0	//flg_Pt, flg_Pa, flg_m3
Pt	-
Pa	-
m3	-
1	1	1	//flg_Pt, flg_Pa, flg_m3
Pt	-0.001250	0.002000	0.003000	0.004000	0.005500	0.010500	0.028000	
Pa	0.392699	0.357792	0.301069	0.257436	0.231256	0.207258	0.261799	
m3	0.959840	0.097552	-0.263043	0.000000
	-0.209039	0.874009	-0.438646	0.000000
	0.187111	0.476016	0.859301	0.000000
	0.000000	0.000000	0.000000	1.000000
0	0	0	//flg_Pt, flg_Pa, flg_m3
Pt	-
Pa	-
m3	-
0	0	0	//flg_Pt, flg_Pa, flg_m3
Pt	-
Pa	-
m3	-
0	0	0	//flg_Pt, flg_Pa, flg_m3
Pt	-
Pa	-
m3	-
0	0	0	//flg_Pt, flg_Pa, flg_m3
Pt	-
Pa	-
m3	-
1	1	1	//flg_Pt, flg_Pa, flg_m3
Pt	-0.002500	0.005500	0.007500	0.009500	0.012000	0.030500	0.100000	
Pa	0.785398	0.685042	0.589049	0.514872	0.462512	0.414516	0.523599	
m3	0.904053	0.104879	-0.414353	0.000000
	-0.404714	0.521812	-0.750945	0.000000
	0.137456	0.846589	0.514192	0.000000
	0.000000	-0.000000	0.000000	1.000000
0	0	0	//flg_Pt, flg_Pa, flg_m3
Pt	-
Pa	-
m3	-
0	0	0	//flg_Pt, flg_Pa, flg_m3
Pt	-
Pa	-
m3	-
0	0	1	//flg_Pt, flg_Pa, flg_m3
Pt	-
Pa	-
m3	0.892031	0.177847	-0.415513	0.000000
	-0.432349	0.067806	-0.899153	0.000000
	-0.131737	0.981719	0.137377	0.000000
	0.000000	0.000000	0.000000	1.000000
0	0	0	//flg_Pt, flg_Pa, flg_m3
Pt	-
Pa	-
m3	-
1	1	1	//flg_Pt, flg_Pa, flg_m3
Pt	0.003500	0.004500	0.010000	0.014500	0.016000	0.024500	0.032000	
Pa	1.435533	1.186824	0.942478	0.737402	0.680678	0.615229	0.763582	
m3	0.907588	0.363660	-0.209846	0.000000
	-0.158934	-0.165036	-0.973398	0.000000
	-0.388618	0.916796	-0.091987	0.000000
	0.000000	0.000000	0.000000	1.000000
0	0	0	//flg_Pt, flg_Pa, flg_m3
Pt	-
Pa	-
m3	-
0	0	0	//flg_Pt, flg_Pa, flg_m3
Pt	-
Pa	-
m3	-
0	0	1	//flg_Pt, flg_Pa, flg_m3
Pt	-
Pa	-
m3	0.886951	0.461808	0.007092	0.000000
	0.025393	-0.033426	-0.999118	0.000000
	-0.461164	0.886349	-0.041374	0.000000
	0.000000	0.000000	0.000000	1.000000
0	0	1	//flg_Pt, flg_Pa, flg_m3
Pt	-
Pa	-
m3	0.839713	0.522449	0.148087	0.000000
	0.145993	0.045466	-0.988240	0.000000
	-0.523038	0.851458	-0.038095	0.000000
	0.000000	0.000000	0.000000	1.000000
1	1	1	//flg_Pt, flg_Pa, flg_m3
Pt	0.000000	0.000000	0.000000	0.000000	0.000000	0.000000	0.000000	
Pa	1.570796	1.318116	1.122964	1.047198	1.090831	1.247910	1.570796	
m3	0.724086	0.558410	0.404818	0.000000
	0.298813	0.275009	-0.913828	0.000000
	-0.621619	0.782653	0.032271	0.000000
	0.000000	0.000000	-0.000000	1.000000
0	0	0	//flg_Pt, flg_Pa, flg_m3
Pt	-
Pa	-
m3	-
0	0	0	//flg_Pt, flg_Pa, flg_m3
Pt	-
Pa	-
m3	-
0	0	0	//flg_Pt, flg_Pa, flg_m3
Pt	-
Pa	-
m3	-
0	0	0	//flg_Pt, flg_Pa, flg_m3
Pt	-
Pa	-
m3	-
0	0	0	//flg_Pt, flg_Pa, flg_m3
Pt	-
Pa	-
m3	-
0	0	0	//flg_Pt, flg_Pa, flg_m3
Pt	-
Pa	-
m3	-
0	0	0	//flg_Pt, flg_Pa, flg_m3
Pt	-
Pa	-
m3	-
0	0	0	//flg_Pt, flg_Pa, flg_m3
Pt	-
Pa	-
m3	-
0	0	0	//flg_Pt, flg_Pa, flg_m3
Pt	-
Pa	-
m3	-
0	0	0	//flg_Pt, flg_Pa, flg_m3
Pt	-
Pa	-
m3	-
0	0	0	//flg_Pt, flg_Pa, flg_m3
Pt	-
Pa	-
m3	-
0	0	0	//flg_Pt, flg_Pa, flg_m3
Pt	-
Pa	-
m3	-
0	0	0	//flg_Pt, flg_Pa, flg_m3
Pt	-
Pa	-
m3	-
0	0	0	//flg_Pt, flg_Pa, flg_m3
Pt	-
Pa	-
m3	-
0	0	0	//flg_Pt, flg_Pa, flg_m3
Pt	-
Pa	-
m3	-
0	0	0	//flg_Pt, flg_Pa, flg_m3
Pt	-
Pa	-
m3	-
0	0	0	//flg_Pt, flg_Pa, flg_m3
Pt	-
Pa	-
m3	-
0	0	0	//flg_Pt, flg_Pa, flg_m3
Pt	-
Pa	-
m3	-
0	0	0	//flg_Pt, flg_Pa, flg_m3
Pt	-
Pa	-
m3	-
1	1	1	//flg_Pt, flg_Pa, flg_m3
Pt	0.000000	0.000000	0.000000	0.000000	0.000000	0.000000	0.000000	
Pa	1.570796	1.570796	1.570796	1.570796	1.570796	1.570796	1.570796	
m3	0.736789	0.549470	0.393986	0.000000
	0.292473	0.266360	-0.918429	0.000000
	-0.609591	0.791917	0.035547	0.000000
	0.000000	-0.000000	0.000000	1.000000
