m2
0.965926	0.258819	0.000000
-0.258819	0.965926	0.000000
0.000000	0.000000	1.000000
m3
0.724086	0.558410	0.404818	0.000000
0.298813	0.275009	-0.913828	0.000000
-0.621619	0.782653	0.032271	0.000000
0.000000	0.000000	-0.000000	1.000000
